I_1 = 0.874676
I_2 = 0.719414
I_3 = 0.567588
