I_1 = 0.49742
I_2 = 0.482495
I_3 = 0.455168
I_4 = 0.419508
I_5 = 0.379807
I_6 = 0.339607
I_7 = 0.301316
I_0 = 0.266273
I = 3.14159
I_seq = 3.14159
