I_1 = 1.2858
I_2 = 1.06436
I_0 = 0.791429
I = 3.14159
I_seq = 3.14159
