I_1 = 0.979915
I_2 = 0.874676
I_3 = 0.719414
I_0 = 0.567588
I = 3.14159
I_seq = 3.14159
