I_1 = 0.789582
I_2 = 0.732443
I_3 = 0.639652
I_4 = 0.537286
I_0 = 0.442629
I = 3.14159
I_seq = 3.14159
