I_1 = 1.287
I_2 = 1.06501
I_0 = 0.789582
I = 3.14159
I_seq = 3.14159
