I_1 = 0.660595
I_2 = 0.626407
I_3 = 0.567588
I_4 = 0.49742
I_5 = 0.426943
I_0 = 0.36264
I = 3.14159
I_seq = 3.14159
