I_1 = 0.660592
I_2 = 0.626405
I_3 = 0.567587
I_4 = 0.497419
I_5 = 0.426942
I_0 = 0.362647
I = 3.14159
I_seq = 3.14159
