I_1 = 0.564228
I_2 = 0.542628
I_3 = 0.504013
I_4 = 0.455361
I_5 = 0.403393
I_6 = 0.352993
I_0 = 0.318977
I = 3.14159
I_seq = 3.14159
