I_0 = 3.14159
I = 3.14159
I_seq = 3.14159
