I_1 = 0.567588
I_3 = 0.506368
I_2 = 0.54561
I_4 = 0.457017
I_5 = 0.404413
I_6 = 0.353507
I_0 = 0.30709
I = 3.14159
I_seq = 3.14159
