I_0 = 0.370521
I = 3.14159
I_seq = 3.14159
I_1 = 0.658
I_2 = 0.6242
I_3 = 0.565985
I_4 = 0.496431
I_5 = 0.426455
