I_1 = 1.85459
I_0 = 1.287
I = 3.14159
I_seq = 3.14159
